1 1707741905 0.000000 1 0.000000 0.000000 0.000000
2 1707741905 0.000000 1 0.000000 0.000000 0.000000
3 1707741905 0.000000 1 0.000000 0.000000 0.000000
4 1707741905 0.000000 1 0.000000 0.000000 0.000000
1 1707741906 0.000000 1 0.000000 0.000000 0.000000
2 1707741906 0.000000 1 0.000000 0.000000 0.000000
3 1707741906 0.000000 1 0.000000 0.000000 0.000000
4 1707741906 0.000000 1 0.000000 0.000000 0.000000
1 1707741907 0.000000 1 0.000000 0.000000 0.000000
2 1707741907 0.000000 1 0.000000 0.000000 0.000000
3 1707741907 0.000000 1 0.000000 0.000000 0.000000
4 1707741907 0.000000 1 0.000000 0.000000 0.000000
1 1707741908 0.000000 1 0.000000 0.000000 0.000000
2 1707741908 0.000000 1 0.000000 0.000000 0.000000
3 1707741908 0.000000 1 0.000000 0.000000 0.000000
4 1707741908 0.000000 1 0.000000 0.000000 0.000000
1 1707741909 1.000000 1 1.000000 1.000000 1.000000
2 1707741909 0.000000 1 0.000000 0.000000 0.000000
3 1707741909 0.000000 1 0.000000 0.000000 0.000000
4 1707741909 0.000000 1 0.000000 0.000000 0.000000
1 1707741910 1.000000 1 1.000000 1.000000 1.000000
2 1707741910 0.000000 1 0.000000 0.000000 0.000000
3 1707741910 0.000000 1 0.000000 0.000000 0.000000
4 1707741910 0.000000 1 0.000000 0.000000 0.000000
1 1707741911 1.000000 1 1.000000 1.000000 1.000000
2 1707741911 0.000000 1 0.000000 0.000000 0.000000
3 1707741911 0.000000 1 0.000000 0.000000 0.000000
4 1707741911 0.000000 1 0.000000 0.000000 0.000000
1 1707741912 1.000000 1 1.000000 1.000000 1.000000
2 1707741912 0.000000 1 0.000000 0.000000 0.000000
3 1707741912 0.000000 1 0.000000 0.000000 0.000000
4 1707741912 0.000000 1 0.000000 0.000000 0.000000
1 1707741913 1.000000 1 1.000000 1.000000 1.000000
2 1707741913 0.000000 1 0.000000 0.000000 0.000000
3 1707741913 0.000000 1 0.000000 0.000000 0.000000
4 1707741913 0.000000 1 0.000000 0.000000 0.000000
1 1707741914 1.000000 1 1.000000 1.000000 1.000000
2 1707741914 0.000000 1 0.000000 0.000000 0.000000
3 1707741914 0.000000 1 0.000000 0.000000 0.000000
4 1707741914 0.000000 1 0.000000 0.000000 0.000000
1 1707741915 1.000000 1 1.000000 1.000000 1.000000
2 1707741915 0.000000 1 0.000000 0.000000 0.000000
3 1707741915 0.000000 1 0.000000 0.000000 0.000000
4 1707741915 0.000000 1 0.000000 0.000000 0.000000
1 1707741916 1.000000 1 1.000000 1.000000 1.000000
2 1707741916 0.000000 1 0.000000 0.000000 0.000000
3 1707741916 0.000000 1 0.000000 0.000000 0.000000
4 1707741916 0.000000 1 0.000000 0.000000 0.000000
1 1707741917 1.000000 1 1.000000 1.000000 1.000000
2 1707741917 0.000000 1 0.000000 0.000000 0.000000
3 1707741917 0.000000 1 0.000000 0.000000 0.000000
4 1707741917 0.000000 1 0.000000 0.000000 0.000000
1 1707741918 1.000000 1 1.000000 1.000000 1.000000
2 1707741918 0.000000 1 0.000000 0.000000 0.000000
3 1707741918 0.000000 1 0.000000 0.000000 0.000000
4 1707741918 0.000000 1 0.000000 0.000000 0.000000
1 1707741919 1.000000 1 1.000000 1.000000 1.000000
2 1707741919 0.000000 1 0.000000 0.000000 0.000000
3 1707741919 0.000000 1 0.000000 0.000000 0.000000
4 1707741919 0.000000 1 0.000000 0.000000 0.000000
1 1707741920 1.000000 1 1.000000 1.000000 1.000000
2 1707741920 0.000000 1 0.000000 0.000000 0.000000
3 1707741920 0.000000 1 0.000000 0.000000 0.000000
4 1707741920 0.000000 1 0.000000 0.000000 0.000000
1 1707741921 1.000000 1 1.000000 1.000000 1.000000
2 1707741921 0.000000 1 0.000000 0.000000 0.000000
3 1707741921 0.000000 1 0.000000 0.000000 0.000000
4 1707741921 0.000000 1 0.000000 0.000000 0.000000
1 1707741922 1.000000 1 1.000000 1.000000 1.000000
2 1707741922 0.000000 1 0.000000 0.000000 0.000000
3 1707741922 0.000000 1 0.000000 0.000000 0.000000
4 1707741922 0.000000 1 0.000000 0.000000 0.000000
1 1707741923 2.000000 1 2.000000 2.000000 2.000000
2 1707741923 0.000000 1 0.000000 0.000000 0.000000
3 1707741923 0.000000 1 0.000000 0.000000 0.000000
4 1707741923 0.000000 1 0.000000 0.000000 0.000000
1 1707741924 2.000000 1 2.000000 2.000000 2.000000
2 1707741924 0.000000 1 0.000000 0.000000 0.000000
3 1707741924 0.000000 1 0.000000 0.000000 0.000000
4 1707741924 0.000000 1 0.000000 0.000000 0.000000
1 1707741925 2.000000 1 2.000000 2.000000 2.000000
2 1707741925 0.000000 1 0.000000 0.000000 0.000000
3 1707741925 0.000000 1 0.000000 0.000000 0.000000
4 1707741925 0.000000 1 0.000000 0.000000 0.000000
1 1707741926 2.000000 1 2.000000 2.000000 2.000000
2 1707741926 0.000000 1 0.000000 0.000000 0.000000
3 1707741926 0.000000 1 0.000000 0.000000 0.000000
4 1707741926 0.000000 1 0.000000 0.000000 0.000000
1 1707741927 2.000000 1 2.000000 2.000000 2.000000
2 1707741927 0.000000 1 0.000000 0.000000 0.000000
3 1707741927 0.000000 1 0.000000 0.000000 0.000000
4 1707741927 0.000000 1 0.000000 0.000000 0.000000
1 1707741928 2.000000 1 2.000000 2.000000 2.000000
2 1707741928 0.000000 1 0.000000 0.000000 0.000000
3 1707741928 0.000000 1 0.000000 0.000000 0.000000
4 1707741928 0.000000 1 0.000000 0.000000 0.000000
1 1707741929 2.000000 1 2.000000 2.000000 2.000000
2 1707741929 0.000000 1 0.000000 0.000000 0.000000
3 1707741929 0.000000 1 0.000000 0.000000 0.000000
4 1707741929 0.000000 1 0.000000 0.000000 0.000000
1 1707741930 2.000000 1 2.000000 2.000000 2.000000
2 1707741930 0.000000 1 0.000000 0.000000 0.000000
3 1707741930 0.000000 1 0.000000 0.000000 0.000000
4 1707741930 0.000000 1 0.000000 0.000000 0.000000
1 1707741931 2.000000 1 2.000000 2.000000 2.000000
2 1707741931 0.000000 1 0.000000 0.000000 0.000000
3 1707741931 0.000000 1 0.000000 0.000000 0.000000
4 1707741931 0.000000 1 0.000000 0.000000 0.000000
1 1707741932 2.000000 1 2.000000 2.000000 2.000000
2 1707741932 0.000000 1 0.000000 0.000000 0.000000
3 1707741932 0.000000 1 0.000000 0.000000 0.000000
4 1707741932 0.000000 1 0.000000 0.000000 0.000000
1 1707741933 2.000000 1 2.000000 2.000000 2.000000
2 1707741933 0.000000 1 0.000000 0.000000 0.000000
3 1707741933 0.000000 1 0.000000 0.000000 0.000000
4 1707741933 0.000000 1 0.000000 0.000000 0.000000
1 1707741934 2.000000 1 2.000000 2.000000 2.000000
2 1707741934 0.000000 1 0.000000 0.000000 0.000000
3 1707741934 0.000000 1 0.000000 0.000000 0.000000
4 1707741934 0.000000 1 0.000000 0.000000 0.000000
1 1707741935 2.000000 1 2.000000 2.000000 2.000000
2 1707741935 0.000000 1 0.000000 0.000000 0.000000
3 1707741935 0.000000 1 0.000000 0.000000 0.000000
4 1707741935 0.000000 1 0.000000 0.000000 0.000000
1 1707741936 2.000000 1 2.000000 2.000000 2.000000
2 1707741936 0.000000 1 0.000000 0.000000 0.000000
3 1707741936 0.000000 1 0.000000 0.000000 0.000000
4 1707741936 0.000000 1 0.000000 0.000000 0.000000
1 1707741937 2.000000 1 2.000000 2.000000 2.000000
2 1707741937 0.000000 1 0.000000 0.000000 0.000000
3 1707741937 0.000000 1 0.000000 0.000000 0.000000
4 1707741937 0.000000 1 0.000000 0.000000 0.000000
1 1707741938 3.000000 1 3.000000 3.000000 3.000000
2 1707741938 0.000000 1 0.000000 0.000000 0.000000
3 1707741938 0.000000 1 0.000000 0.000000 0.000000
4 1707741938 0.000000 1 0.000000 0.000000 0.000000
1 1707741939 3.000000 1 3.000000 3.000000 3.000000
2 1707741939 0.000000 1 0.000000 0.000000 0.000000
3 1707741939 0.000000 1 0.000000 0.000000 0.000000
4 1707741939 0.000000 1 0.000000 0.000000 0.000000
1 1707741940 3.000000 1 3.000000 3.000000 3.000000
2 1707741940 0.000000 1 0.000000 0.000000 0.000000
3 1707741940 0.000000 1 0.000000 0.000000 0.000000
4 1707741940 0.000000 1 0.000000 0.000000 0.000000
1 1707741941 3.000000 1 3.000000 3.000000 3.000000
2 1707741941 0.000000 1 0.000000 0.000000 0.000000
3 1707741941 0.000000 1 0.000000 0.000000 0.000000
4 1707741941 0.000000 1 0.000000 0.000000 0.000000
1 1707741942 3.000000 1 3.000000 3.000000 3.000000
2 1707741942 0.000000 1 0.000000 0.000000 0.000000
3 1707741942 0.000000 1 0.000000 0.000000 0.000000
4 1707741942 0.000000 1 0.000000 0.000000 0.000000
1 1707741943 3.000000 1 3.000000 3.000000 3.000000
2 1707741943 0.000000 1 0.000000 0.000000 0.000000
3 1707741943 0.000000 1 0.000000 0.000000 0.000000
4 1707741943 0.000000 1 0.000000 0.000000 0.000000
1 1707741944 3.000000 1 3.000000 3.000000 3.000000
2 1707741944 0.000000 1 0.000000 0.000000 0.000000
3 1707741944 0.000000 1 0.000000 0.000000 0.000000
4 1707741944 0.000000 1 0.000000 0.000000 0.000000
1 1707741945 3.000000 1 3.000000 3.000000 3.000000
2 1707741945 0.000000 1 0.000000 0.000000 0.000000
3 1707741945 0.000000 1 0.000000 0.000000 0.000000
4 1707741945 0.000000 1 0.000000 0.000000 0.000000
1 1707741946 3.000000 1 3.000000 3.000000 3.000000
2 1707741946 0.000000 1 0.000000 0.000000 0.000000
3 1707741946 0.000000 1 0.000000 0.000000 0.000000
4 1707741946 0.000000 1 0.000000 0.000000 0.000000
1 1707741947 3.000000 1 3.000000 3.000000 3.000000
2 1707741947 0.000000 1 0.000000 0.000000 0.000000
3 1707741947 0.000000 1 0.000000 0.000000 0.000000
4 1707741947 0.000000 1 0.000000 0.000000 0.000000
1 1707741948 3.000000 1 3.000000 3.000000 3.000000
2 1707741948 0.000000 1 0.000000 0.000000 0.000000
3 1707741948 0.000000 1 0.000000 0.000000 0.000000
4 1707741948 0.000000 1 0.000000 0.000000 0.000000
1 1707741949 3.000000 1 3.000000 3.000000 3.000000
2 1707741949 0.000000 1 0.000000 0.000000 0.000000
3 1707741949 0.000000 1 0.000000 0.000000 0.000000
4 1707741949 0.000000 1 0.000000 0.000000 0.000000
1 1707741950 3.000000 1 3.000000 3.000000 3.000000
2 1707741950 0.000000 1 0.000000 0.000000 0.000000
3 1707741950 0.000000 1 0.000000 0.000000 0.000000
4 1707741950 0.000000 1 0.000000 0.000000 0.000000
1 1707741951 3.000000 1 3.000000 3.000000 3.000000
2 1707741951 0.000000 1 0.000000 0.000000 0.000000
3 1707741951 0.000000 1 0.000000 0.000000 0.000000
4 1707741951 0.000000 1 0.000000 0.000000 0.000000
1 1707741952 3.000000 1 3.000000 3.000000 3.000000
2 1707741952 0.000000 1 0.000000 0.000000 0.000000
3 1707741952 0.000000 1 0.000000 0.000000 0.000000
4 1707741952 0.000000 1 0.000000 0.000000 0.000000
1 1707741953 3.000000 1 3.000000 3.000000 3.000000
2 1707741953 0.000000 1 0.000000 0.000000 0.000000
3 1707741953 0.000000 1 0.000000 0.000000 0.000000
4 1707741953 0.000000 1 0.000000 0.000000 0.000000
1 1707741955 3.000000 1 3.000000 3.000000 3.000000
2 1707741955 0.000000 1 0.000000 0.000000 0.000000
3 1707741955 0.000000 1 0.000000 0.000000 0.000000
4 1707741955 0.000000 1 0.000000 0.000000 0.000000
1 1707741956 3.000000 1 3.000000 3.000000 3.000000
2 1707741956 0.000000 1 0.000000 0.000000 0.000000
3 1707741956 0.000000 1 0.000000 0.000000 0.000000
4 1707741956 0.000000 1 0.000000 0.000000 0.000000
1 1707741957 3.000000 1 3.000000 3.000000 3.000000
2 1707741957 0.000000 1 0.000000 0.000000 0.000000
3 1707741957 0.000000 1 0.000000 0.000000 0.000000
4 1707741957 0.000000 1 0.000000 0.000000 0.000000
1 1707741958 4.000000 1 4.000000 4.000000 4.000000
2 1707741958 0.000000 1 0.000000 0.000000 0.000000
3 1707741958 0.000000 1 0.000000 0.000000 0.000000
4 1707741958 0.000000 1 0.000000 0.000000 0.000000
1 1707741959 4.000000 1 4.000000 4.000000 4.000000
2 1707741959 0.000000 1 0.000000 0.000000 0.000000
3 1707741959 0.000000 1 0.000000 0.000000 0.000000
4 1707741959 0.000000 1 0.000000 0.000000 0.000000
1 1707741960 4.000000 1 4.000000 4.000000 4.000000
2 1707741960 0.000000 1 0.000000 0.000000 0.000000
3 1707741960 0.000000 1 0.000000 0.000000 0.000000
4 1707741960 0.000000 1 0.000000 0.000000 0.000000
1 1707741961 4.000000 1 4.000000 4.000000 4.000000
2 1707741961 0.000000 1 0.000000 0.000000 0.000000
3 1707741961 0.000000 1 0.000000 0.000000 0.000000
4 1707741961 0.000000 1 0.000000 0.000000 0.000000
1 1707741962 4.000000 1 4.000000 4.000000 4.000000
2 1707741962 0.000000 1 0.000000 0.000000 0.000000
3 1707741962 0.000000 1 0.000000 0.000000 0.000000
4 1707741962 0.000000 1 0.000000 0.000000 0.000000
1 1707741963 4.000000 1 4.000000 4.000000 4.000000
2 1707741963 0.000000 1 0.000000 0.000000 0.000000
3 1707741963 0.000000 1 0.000000 0.000000 0.000000
4 1707741963 0.000000 1 0.000000 0.000000 0.000000
1 1707741964 4.000000 1 4.000000 4.000000 4.000000
2 1707741964 0.000000 1 0.000000 0.000000 0.000000
3 1707741964 0.000000 1 0.000000 0.000000 0.000000
4 1707741964 0.000000 1 0.000000 0.000000 0.000000
1 1707741965 4.000000 1 4.000000 4.000000 4.000000
2 1707741965 0.000000 1 0.000000 0.000000 0.000000
3 1707741965 0.000000 1 0.000000 0.000000 0.000000
4 1707741965 0.000000 1 0.000000 0.000000 0.000000
1 1707741966 4.000000 1 4.000000 4.000000 4.000000
2 1707741966 0.000000 1 0.000000 0.000000 0.000000
3 1707741966 0.000000 1 0.000000 0.000000 0.000000
4 1707741966 0.000000 1 0.000000 0.000000 0.000000
1 1707741967 4.000000 1 4.000000 4.000000 4.000000
2 1707741967 0.000000 1 0.000000 0.000000 0.000000
3 1707741967 0.000000 1 0.000000 0.000000 0.000000
4 1707741967 0.000000 1 0.000000 0.000000 0.000000
1 1707741968 4.000000 1 4.000000 4.000000 4.000000
2 1707741968 0.000000 1 0.000000 0.000000 0.000000
3 1707741968 0.000000 1 0.000000 0.000000 0.000000
4 1707741968 0.000000 1 0.000000 0.000000 0.000000
1 1707741969 4.000000 1 4.000000 4.000000 4.000000
2 1707741969 0.000000 1 0.000000 0.000000 0.000000
3 1707741969 0.000000 1 0.000000 0.000000 0.000000
4 1707741969 0.000000 1 0.000000 0.000000 0.000000
1 1707741970 4.000000 1 4.000000 4.000000 4.000000
2 1707741970 0.000000 1 0.000000 0.000000 0.000000
3 1707741970 0.000000 1 0.000000 0.000000 0.000000
4 1707741970 0.000000 1 0.000000 0.000000 0.000000
1 1707741971 4.000000 1 4.000000 4.000000 4.000000
2 1707741971 0.000000 1 0.000000 0.000000 0.000000
3 1707741971 0.000000 1 0.000000 0.000000 0.000000
4 1707741971 0.000000 1 0.000000 0.000000 0.000000
1 1707741972 4.000000 1 4.000000 4.000000 4.000000
2 1707741972 0.000000 1 0.000000 0.000000 0.000000
3 1707741972 0.000000 1 0.000000 0.000000 0.000000
4 1707741972 0.000000 1 0.000000 0.000000 0.000000
1 1707741973 4.000000 1 4.000000 4.000000 4.000000
2 1707741973 0.000000 1 0.000000 0.000000 0.000000
3 1707741973 0.000000 1 0.000000 0.000000 0.000000
4 1707741973 0.000000 1 0.000000 0.000000 0.000000
1 1707741974 4.000000 1 4.000000 4.000000 4.000000
2 1707741974 0.000000 1 0.000000 0.000000 0.000000
3 1707741974 0.000000 1 0.000000 0.000000 0.000000
4 1707741974 0.000000 1 0.000000 0.000000 0.000000
1 1707741975 4.000000 1 4.000000 4.000000 4.000000
2 1707741975 0.000000 1 0.000000 0.000000 0.000000
3 1707741975 0.000000 1 0.000000 0.000000 0.000000
4 1707741975 0.000000 1 0.000000 0.000000 0.000000
1 1707741976 4.000000 1 4.000000 4.000000 4.000000
2 1707741976 0.000000 1 0.000000 0.000000 0.000000
3 1707741976 0.000000 1 0.000000 0.000000 0.000000
4 1707741976 0.000000 1 0.000000 0.000000 0.000000
1 1707741977 4.000000 1 4.000000 4.000000 4.000000
2 1707741977 0.000000 1 0.000000 0.000000 0.000000
3 1707741977 0.000000 1 0.000000 0.000000 0.000000
4 1707741977 0.000000 1 0.000000 0.000000 0.000000
1 1707741978 4.000000 1 4.000000 4.000000 4.000000
2 1707741978 0.000000 1 0.000000 0.000000 0.000000
3 1707741978 0.000000 1 0.000000 0.000000 0.000000
4 1707741978 0.000000 1 0.000000 0.000000 0.000000
1 1707741979 4.000000 1 4.000000 4.000000 4.000000
2 1707741979 0.000000 1 0.000000 0.000000 0.000000
3 1707741979 0.000000 1 0.000000 0.000000 0.000000
4 1707741979 0.000000 1 0.000000 0.000000 0.000000
1 1707741980 4.000000 1 4.000000 4.000000 4.000000
2 1707741980 0.000000 1 0.000000 0.000000 0.000000
3 1707741980 0.000000 1 0.000000 0.000000 0.000000
4 1707741980 0.000000 1 0.000000 0.000000 0.000000
1 1707741981 4.000000 1 4.000000 4.000000 4.000000
2 1707741981 0.000000 1 0.000000 0.000000 0.000000
3 1707741981 0.000000 1 0.000000 0.000000 0.000000
4 1707741981 0.000000 1 0.000000 0.000000 0.000000
1 1707741982 4.000000 1 4.000000 4.000000 4.000000
2 1707741982 0.000000 1 0.000000 0.000000 0.000000
3 1707741982 0.000000 1 0.000000 0.000000 0.000000
4 1707741982 0.000000 1 0.000000 0.000000 0.000000
1 1707741983 4.000000 1 4.000000 4.000000 4.000000
2 1707741983 0.000000 1 0.000000 0.000000 0.000000
3 1707741983 0.000000 1 0.000000 0.000000 0.000000
4 1707741983 0.000000 1 0.000000 0.000000 0.000000
1 1707741984 4.000000 1 4.000000 4.000000 4.000000
2 1707741984 0.000000 1 0.000000 0.000000 0.000000
3 1707741984 0.000000 1 0.000000 0.000000 0.000000
4 1707741984 0.000000 1 0.000000 0.000000 0.000000
1 1707741985 4.000000 1 4.000000 4.000000 4.000000
2 1707741985 0.000000 1 0.000000 0.000000 0.000000
3 1707741985 0.000000 1 0.000000 0.000000 0.000000
4 1707741985 0.000000 1 0.000000 0.000000 0.000000
1 1707741986 4.000000 1 4.000000 4.000000 4.000000
2 1707741986 0.000000 1 0.000000 0.000000 0.000000
3 1707741986 0.000000 1 0.000000 0.000000 0.000000
4 1707741986 0.000000 1 0.000000 0.000000 0.000000
1 1707741987 4.000000 1 4.000000 4.000000 4.000000
2 1707741987 0.000000 1 0.000000 0.000000 0.000000
3 1707741987 0.000000 1 0.000000 0.000000 0.000000
4 1707741987 0.000000 1 0.000000 0.000000 0.000000
1 1707741988 4.000000 1 4.000000 4.000000 4.000000
2 1707741988 0.000000 1 0.000000 0.000000 0.000000
3 1707741988 0.000000 1 0.000000 0.000000 0.000000
4 1707741988 0.000000 1 0.000000 0.000000 0.000000
1 1707741989 4.000000 1 4.000000 4.000000 4.000000
2 1707741989 0.000000 1 0.000000 0.000000 0.000000
3 1707741989 0.000000 1 0.000000 0.000000 0.000000
4 1707741989 0.000000 1 0.000000 0.000000 0.000000
1 1707741990 4.000000 1 4.000000 4.000000 4.000000
2 1707741990 0.000000 1 0.000000 0.000000 0.000000
3 1707741990 0.000000 1 0.000000 0.000000 0.000000
4 1707741990 0.000000 1 0.000000 0.000000 0.000000
1 1707741991 4.000000 1 4.000000 4.000000 4.000000
2 1707741991 0.000000 1 0.000000 0.000000 0.000000
3 1707741991 0.000000 1 0.000000 0.000000 0.000000
4 1707741991 0.000000 1 0.000000 0.000000 0.000000
1 1707741992 4.000000 1 4.000000 4.000000 4.000000
2 1707741992 0.000000 1 0.000000 0.000000 0.000000
3 1707741992 0.000000 1 0.000000 0.000000 0.000000
4 1707741992 0.000000 1 0.000000 0.000000 0.000000
1 1707741993 4.000000 1 4.000000 4.000000 4.000000
2 1707741993 0.000000 1 0.000000 0.000000 0.000000
3 1707741993 0.000000 1 0.000000 0.000000 0.000000
4 1707741993 0.000000 1 0.000000 0.000000 0.000000
1 1707741994 4.000000 1 4.000000 4.000000 4.000000
2 1707741994 0.000000 1 0.000000 0.000000 0.000000
3 1707741994 0.000000 1 0.000000 0.000000 0.000000
4 1707741994 0.000000 1 0.000000 0.000000 0.000000
1 1707741995 4.000000 1 4.000000 4.000000 4.000000
2 1707741995 0.000000 1 0.000000 0.000000 0.000000
3 1707741995 0.000000 1 0.000000 0.000000 0.000000
4 1707741995 0.000000 1 0.000000 0.000000 0.000000
1 1707741996 4.000000 1 4.000000 4.000000 4.000000
2 1707741996 0.000000 1 0.000000 0.000000 0.000000
3 1707741996 0.000000 1 0.000000 0.000000 0.000000
4 1707741996 0.000000 1 0.000000 0.000000 0.000000
1 1707741997 4.000000 1 4.000000 4.000000 4.000000
2 1707741997 0.000000 1 0.000000 0.000000 0.000000
3 1707741997 0.000000 1 0.000000 0.000000 0.000000
4 1707741997 0.000000 1 0.000000 0.000000 0.000000
1 1707741998 4.000000 1 4.000000 4.000000 4.000000
2 1707741998 0.000000 1 0.000000 0.000000 0.000000
3 1707741998 0.000000 1 0.000000 0.000000 0.000000
4 1707741998 0.000000 1 0.000000 0.000000 0.000000
1 1707741999 4.000000 1 4.000000 4.000000 4.000000
2 1707741999 0.000000 1 0.000000 0.000000 0.000000
3 1707741999 0.000000 1 0.000000 0.000000 0.000000
4 1707741999 0.000000 1 0.000000 0.000000 0.000000
1 1707742000 4.000000 1 4.000000 4.000000 4.000000
2 1707742000 0.000000 1 0.000000 0.000000 0.000000
3 1707742000 0.000000 1 0.000000 0.000000 0.000000
4 1707742000 0.000000 1 0.000000 0.000000 0.000000
1 1707742001 4.000000 1 4.000000 4.000000 4.000000
2 1707742001 0.000000 1 0.000000 0.000000 0.000000
3 1707742001 0.000000 1 0.000000 0.000000 0.000000
4 1707742001 0.000000 1 0.000000 0.000000 0.000000
1 1707742002 4.000000 1 4.000000 4.000000 4.000000
2 1707742002 0.000000 1 0.000000 0.000000 0.000000
3 1707742002 0.000000 1 0.000000 0.000000 0.000000
4 1707742002 0.000000 1 0.000000 0.000000 0.000000
1 1707742003 4.000000 1 4.000000 4.000000 4.000000
2 1707742003 0.000000 1 0.000000 0.000000 0.000000
3 1707742003 0.000000 1 0.000000 0.000000 0.000000
4 1707742003 0.000000 1 0.000000 0.000000 0.000000
1 1707742004 4.000000 1 4.000000 4.000000 4.000000
2 1707742004 0.000000 1 0.000000 0.000000 0.000000
3 1707742004 0.000000 1 0.000000 0.000000 0.000000
4 1707742004 0.000000 1 0.000000 0.000000 0.000000
1 1707742005 4.000000 1 4.000000 4.000000 4.000000
2 1707742005 0.000000 1 0.000000 0.000000 0.000000
3 1707742005 0.000000 1 0.000000 0.000000 0.000000
4 1707742005 0.000000 1 0.000000 0.000000 0.000000
1 1707742006 4.000000 1 4.000000 4.000000 4.000000
2 1707742006 0.000000 1 0.000000 0.000000 0.000000
3 1707742006 0.000000 1 0.000000 0.000000 0.000000
4 1707742006 0.000000 1 0.000000 0.000000 0.000000
1 1707742007 4.000000 1 4.000000 4.000000 4.000000
2 1707742007 0.000000 1 0.000000 0.000000 0.000000
3 1707742007 0.000000 1 0.000000 0.000000 0.000000
4 1707742007 0.000000 1 0.000000 0.000000 0.000000
1 1707742008 4.000000 1 4.000000 4.000000 4.000000
2 1707742008 0.000000 1 0.000000 0.000000 0.000000
3 1707742008 0.000000 1 0.000000 0.000000 0.000000
4 1707742008 0.000000 1 0.000000 0.000000 0.000000
1 1707742009 4.000000 1 4.000000 4.000000 4.000000
2 1707742009 0.000000 1 0.000000 0.000000 0.000000
3 1707742009 0.000000 1 0.000000 0.000000 0.000000
4 1707742009 0.000000 1 0.000000 0.000000 0.000000
1 1707742010 4.000000 1 4.000000 4.000000 4.000000
2 1707742010 0.000000 1 0.000000 0.000000 0.000000
3 1707742010 0.000000 1 0.000000 0.000000 0.000000
4 1707742010 0.000000 1 0.000000 0.000000 0.000000
1 1707742011 4.000000 1 4.000000 4.000000 4.000000
2 1707742011 0.000000 1 0.000000 0.000000 0.000000
3 1707742011 0.000000 1 0.000000 0.000000 0.000000
4 1707742011 0.000000 1 0.000000 0.000000 0.000000
1 1707742012 4.000000 1 4.000000 4.000000 4.000000
2 1707742012 0.000000 1 0.000000 0.000000 0.000000
3 1707742012 0.000000 1 0.000000 0.000000 0.000000
4 1707742012 0.000000 1 0.000000 0.000000 0.000000
1 1707742013 4.000000 1 4.000000 4.000000 4.000000
2 1707742013 0.000000 1 0.000000 0.000000 0.000000
3 1707742013 0.000000 1 0.000000 0.000000 0.000000
4 1707742013 0.000000 1 0.000000 0.000000 0.000000
1 1707742014 4.000000 1 4.000000 4.000000 4.000000
2 1707742014 0.000000 1 0.000000 0.000000 0.000000
3 1707742014 0.000000 1 0.000000 0.000000 0.000000
4 1707742014 0.000000 1 0.000000 0.000000 0.000000
1 1707742015 4.000000 1 4.000000 4.000000 4.000000
2 1707742015 0.000000 1 0.000000 0.000000 0.000000
3 1707742015 0.000000 1 0.000000 0.000000 0.000000
4 1707742015 0.000000 1 0.000000 0.000000 0.000000
1 1707742016 4.000000 1 4.000000 4.000000 4.000000
2 1707742016 0.000000 1 0.000000 0.000000 0.000000
3 1707742016 0.000000 1 0.000000 0.000000 0.000000
4 1707742016 0.000000 1 0.000000 0.000000 0.000000
1 1707742018 4.000000 1 4.000000 4.000000 4.000000
2 1707742018 0.000000 1 0.000000 0.000000 0.000000
3 1707742018 0.000000 1 0.000000 0.000000 0.000000
4 1707742018 0.000000 1 0.000000 0.000000 0.000000
1 1707742019 4.000000 1 4.000000 4.000000 4.000000
2 1707742019 0.000000 1 0.000000 0.000000 0.000000
3 1707742019 0.000000 1 0.000000 0.000000 0.000000
4 1707742019 0.000000 1 0.000000 0.000000 0.000000
1 1707742020 4.000000 1 4.000000 4.000000 4.000000
2 1707742020 0.000000 1 0.000000 0.000000 0.000000
3 1707742020 0.000000 1 0.000000 0.000000 0.000000
4 1707742020 0.000000 1 0.000000 0.000000 0.000000
1 1707742021 4.000000 1 4.000000 4.000000 4.000000
2 1707742021 0.000000 1 0.000000 0.000000 0.000000
3 1707742021 0.000000 1 0.000000 0.000000 0.000000
4 1707742021 0.000000 1 0.000000 0.000000 0.000000
1 1707742022 4.000000 1 4.000000 4.000000 4.000000
2 1707742022 0.000000 1 0.000000 0.000000 0.000000
3 1707742022 0.000000 1 0.000000 0.000000 0.000000
4 1707742022 0.000000 1 0.000000 0.000000 0.000000
1 1707742023 4.000000 1 4.000000 4.000000 4.000000
2 1707742023 0.000000 1 0.000000 0.000000 0.000000
3 1707742023 0.000000 1 0.000000 0.000000 0.000000
4 1707742023 0.000000 1 0.000000 0.000000 0.000000
1 1707742024 4.000000 1 4.000000 4.000000 4.000000
2 1707742024 0.000000 1 0.000000 0.000000 0.000000
3 1707742024 0.000000 1 0.000000 0.000000 0.000000
4 1707742024 0.000000 1 0.000000 0.000000 0.000000
1 1707742025 4.000000 1 4.000000 4.000000 4.000000
2 1707742025 0.000000 1 0.000000 0.000000 0.000000
3 1707742025 0.000000 1 0.000000 0.000000 0.000000
4 1707742025 0.000000 1 0.000000 0.000000 0.000000
1 1707742026 4.000000 1 4.000000 4.000000 4.000000
2 1707742026 0.000000 1 0.000000 0.000000 0.000000
3 1707742026 0.000000 1 0.000000 0.000000 0.000000
4 1707742026 0.000000 1 0.000000 0.000000 0.000000
1 1707742027 4.000000 1 4.000000 4.000000 4.000000
2 1707742027 0.000000 1 0.000000 0.000000 0.000000
3 1707742027 0.000000 1 0.000000 0.000000 0.000000
4 1707742027 0.000000 1 0.000000 0.000000 0.000000
1 1707742028 4.000000 1 4.000000 4.000000 4.000000
2 1707742028 0.000000 1 0.000000 0.000000 0.000000
3 1707742028 0.000000 1 0.000000 0.000000 0.000000
4 1707742028 0.000000 1 0.000000 0.000000 0.000000
1 1707742029 4.000000 1 4.000000 4.000000 4.000000
2 1707742029 0.000000 1 0.000000 0.000000 0.000000
3 1707742029 0.000000 1 0.000000 0.000000 0.000000
4 1707742029 0.000000 1 0.000000 0.000000 0.000000
1 1707742030 4.000000 1 4.000000 4.000000 4.000000
2 1707742030 0.000000 1 0.000000 0.000000 0.000000
3 1707742030 0.000000 1 0.000000 0.000000 0.000000
4 1707742030 0.000000 1 0.000000 0.000000 0.000000
1 1707742031 4.000000 1 4.000000 4.000000 4.000000
2 1707742031 0.000000 1 0.000000 0.000000 0.000000
3 1707742031 0.000000 1 0.000000 0.000000 0.000000
4 1707742031 0.000000 1 0.000000 0.000000 0.000000
1 1707742032 4.000000 1 4.000000 4.000000 4.000000
2 1707742032 0.000000 1 0.000000 0.000000 0.000000
3 1707742032 0.000000 1 0.000000 0.000000 0.000000
4 1707742032 0.000000 1 0.000000 0.000000 0.000000
1 1707742033 4.000000 1 4.000000 4.000000 4.000000
2 1707742033 0.000000 1 0.000000 0.000000 0.000000
3 1707742033 0.000000 1 0.000000 0.000000 0.000000
4 1707742033 0.000000 1 0.000000 0.000000 0.000000
1 1707742034 4.000000 1 4.000000 4.000000 4.000000
2 1707742034 0.000000 1 0.000000 0.000000 0.000000
3 1707742034 0.000000 1 0.000000 0.000000 0.000000
4 1707742034 0.000000 1 0.000000 0.000000 0.000000
1 1707742035 4.000000 1 4.000000 4.000000 4.000000
2 1707742035 0.000000 1 0.000000 0.000000 0.000000
3 1707742035 0.000000 1 0.000000 0.000000 0.000000
4 1707742035 0.000000 1 0.000000 0.000000 0.000000
1 1707742036 4.000000 1 4.000000 4.000000 4.000000
2 1707742036 0.000000 1 0.000000 0.000000 0.000000
3 1707742036 0.000000 1 0.000000 0.000000 0.000000
4 1707742036 0.000000 1 0.000000 0.000000 0.000000
1 1707742037 4.000000 1 4.000000 4.000000 4.000000
2 1707742037 0.000000 1 0.000000 0.000000 0.000000
3 1707742037 0.000000 1 0.000000 0.000000 0.000000
4 1707742037 0.000000 1 0.000000 0.000000 0.000000
1 1707742038 4.000000 1 4.000000 4.000000 4.000000
2 1707742038 0.000000 1 0.000000 0.000000 0.000000
3 1707742038 0.000000 1 0.000000 0.000000 0.000000
4 1707742038 0.000000 1 0.000000 0.000000 0.000000
1 1707742039 4.000000 1 4.000000 4.000000 4.000000
2 1707742039 0.000000 1 0.000000 0.000000 0.000000
3 1707742039 0.000000 1 0.000000 0.000000 0.000000
4 1707742039 0.000000 1 0.000000 0.000000 0.000000
1 1707742040 4.000000 1 4.000000 4.000000 4.000000
2 1707742040 0.000000 1 0.000000 0.000000 0.000000
3 1707742040 0.000000 1 0.000000 0.000000 0.000000
4 1707742040 0.000000 1 0.000000 0.000000 0.000000
1 1707742041 4.000000 1 4.000000 4.000000 4.000000
2 1707742041 0.000000 1 0.000000 0.000000 0.000000
3 1707742041 0.000000 1 0.000000 0.000000 0.000000
4 1707742041 0.000000 1 0.000000 0.000000 0.000000
1 1707742042 4.000000 1 4.000000 4.000000 4.000000
2 1707742042 0.000000 1 0.000000 0.000000 0.000000
3 1707742042 0.000000 1 0.000000 0.000000 0.000000
4 1707742042 0.000000 1 0.000000 0.000000 0.000000
1 1707742043 4.000000 1 4.000000 4.000000 4.000000
2 1707742043 0.000000 1 0.000000 0.000000 0.000000
3 1707742043 0.000000 1 0.000000 0.000000 0.000000
4 1707742043 0.000000 1 0.000000 0.000000 0.000000
1 1707742044 4.000000 1 4.000000 4.000000 4.000000
2 1707742044 0.000000 1 0.000000 0.000000 0.000000
3 1707742044 0.000000 1 0.000000 0.000000 0.000000
4 1707742044 0.000000 1 0.000000 0.000000 0.000000
1 1707742045 4.000000 1 4.000000 4.000000 4.000000
2 1707742045 0.000000 1 0.000000 0.000000 0.000000
3 1707742045 0.000000 1 0.000000 0.000000 0.000000
4 1707742045 0.000000 1 0.000000 0.000000 0.000000
1 1707742046 4.000000 1 4.000000 4.000000 4.000000
2 1707742046 0.000000 1 0.000000 0.000000 0.000000
3 1707742046 0.000000 1 0.000000 0.000000 0.000000
4 1707742046 0.000000 1 0.000000 0.000000 0.000000
1 1707742047 4.000000 1 4.000000 4.000000 4.000000
2 1707742047 0.000000 1 0.000000 0.000000 0.000000
3 1707742047 0.000000 1 0.000000 0.000000 0.000000
4 1707742047 0.000000 1 0.000000 0.000000 0.000000
1 1707742048 4.000000 1 4.000000 4.000000 4.000000
2 1707742048 0.000000 1 0.000000 0.000000 0.000000
3 1707742048 0.000000 1 0.000000 0.000000 0.000000
4 1707742048 0.000000 1 0.000000 0.000000 0.000000
1 1707742049 4.000000 1 4.000000 4.000000 4.000000
2 1707742049 0.000000 1 0.000000 0.000000 0.000000
3 1707742049 0.000000 1 0.000000 0.000000 0.000000
4 1707742049 0.000000 1 0.000000 0.000000 0.000000
1 1707742050 4.000000 1 4.000000 4.000000 4.000000
2 1707742050 0.000000 1 0.000000 0.000000 0.000000
3 1707742050 0.000000 1 0.000000 0.000000 0.000000
4 1707742050 0.000000 1 0.000000 0.000000 0.000000
1 1707742051 4.000000 1 4.000000 4.000000 4.000000
2 1707742051 0.000000 1 0.000000 0.000000 0.000000
3 1707742051 0.000000 1 0.000000 0.000000 0.000000
4 1707742051 0.000000 1 0.000000 0.000000 0.000000
1 1707742052 4.000000 1 4.000000 4.000000 4.000000
2 1707742052 0.000000 1 0.000000 0.000000 0.000000
3 1707742052 0.000000 1 0.000000 0.000000 0.000000
4 1707742052 0.000000 1 0.000000 0.000000 0.000000
1 1707742053 4.000000 1 4.000000 4.000000 4.000000
2 1707742053 0.000000 1 0.000000 0.000000 0.000000
3 1707742053 0.000000 1 0.000000 0.000000 0.000000
4 1707742053 0.000000 1 0.000000 0.000000 0.000000
1 1707742054 4.000000 1 4.000000 4.000000 4.000000
2 1707742054 0.000000 1 0.000000 0.000000 0.000000
3 1707742054 0.000000 1 0.000000 0.000000 0.000000
4 1707742054 0.000000 1 0.000000 0.000000 0.000000
1 1707742055 4.000000 1 4.000000 4.000000 4.000000
2 1707742055 0.000000 1 0.000000 0.000000 0.000000
3 1707742055 0.000000 1 0.000000 0.000000 0.000000
4 1707742055 0.000000 1 0.000000 0.000000 0.000000
1 1707742056 4.000000 1 4.000000 4.000000 4.000000
2 1707742056 0.000000 1 0.000000 0.000000 0.000000
3 1707742056 0.000000 1 0.000000 0.000000 0.000000
4 1707742056 0.000000 1 0.000000 0.000000 0.000000
1 1707742057 4.000000 1 4.000000 4.000000 4.000000
2 1707742057 0.000000 1 0.000000 0.000000 0.000000
3 1707742057 0.000000 1 0.000000 0.000000 0.000000
4 1707742057 0.000000 1 0.000000 0.000000 0.000000
1 1707742058 4.000000 1 4.000000 4.000000 4.000000
2 1707742058 0.000000 1 0.000000 0.000000 0.000000
3 1707742058 0.000000 1 0.000000 0.000000 0.000000
4 1707742058 0.000000 1 0.000000 0.000000 0.000000
1 1707742059 4.000000 1 4.000000 4.000000 4.000000
2 1707742059 0.000000 1 0.000000 0.000000 0.000000
3 1707742059 0.000000 1 0.000000 0.000000 0.000000
4 1707742059 0.000000 1 0.000000 0.000000 0.000000
1 1707742060 4.000000 1 4.000000 4.000000 4.000000
2 1707742060 0.000000 1 0.000000 0.000000 0.000000
3 1707742060 0.000000 1 0.000000 0.000000 0.000000
4 1707742060 0.000000 1 0.000000 0.000000 0.000000
1 1707742061 4.000000 1 4.000000 4.000000 4.000000
2 1707742061 0.000000 1 0.000000 0.000000 0.000000
3 1707742061 0.000000 1 0.000000 0.000000 0.000000
4 1707742061 0.000000 1 0.000000 0.000000 0.000000
1 1707742062 4.000000 1 4.000000 4.000000 4.000000
2 1707742062 0.000000 1 0.000000 0.000000 0.000000
3 1707742062 0.000000 1 0.000000 0.000000 0.000000
4 1707742062 0.000000 1 0.000000 0.000000 0.000000
1 1707742063 4.000000 1 4.000000 4.000000 4.000000
2 1707742063 0.000000 1 0.000000 0.000000 0.000000
3 1707742063 0.000000 1 0.000000 0.000000 0.000000
4 1707742063 0.000000 1 0.000000 0.000000 0.000000
1 1707742064 4.000000 1 4.000000 4.000000 4.000000
2 1707742064 0.000000 1 0.000000 0.000000 0.000000
3 1707742064 0.000000 1 0.000000 0.000000 0.000000
4 1707742064 0.000000 1 0.000000 0.000000 0.000000
1 1707742065 4.000000 1 4.000000 4.000000 4.000000
2 1707742065 0.000000 1 0.000000 0.000000 0.000000
3 1707742065 0.000000 1 0.000000 0.000000 0.000000
4 1707742065 0.000000 1 0.000000 0.000000 0.000000
1 1707742066 4.000000 1 4.000000 4.000000 4.000000
2 1707742066 0.000000 1 0.000000 0.000000 0.000000
3 1707742066 0.000000 1 0.000000 0.000000 0.000000
4 1707742066 0.000000 1 0.000000 0.000000 0.000000
1 1707742067 4.000000 1 4.000000 4.000000 4.000000
2 1707742067 0.000000 1 0.000000 0.000000 0.000000
3 1707742067 0.000000 1 0.000000 0.000000 0.000000
4 1707742067 0.000000 1 0.000000 0.000000 0.000000
1 1707742068 4.000000 1 4.000000 4.000000 4.000000
2 1707742068 0.000000 1 0.000000 0.000000 0.000000
3 1707742068 0.000000 1 0.000000 0.000000 0.000000
4 1707742068 0.000000 1 0.000000 0.000000 0.000000
1 1707742069 4.000000 1 4.000000 4.000000 4.000000
2 1707742069 0.000000 1 0.000000 0.000000 0.000000
3 1707742069 0.000000 1 0.000000 0.000000 0.000000
4 1707742069 0.000000 1 0.000000 0.000000 0.000000
1 1707742070 4.000000 1 4.000000 4.000000 4.000000
2 1707742070 0.000000 1 0.000000 0.000000 0.000000
3 1707742070 0.000000 1 0.000000 0.000000 0.000000
4 1707742070 0.000000 1 0.000000 0.000000 0.000000
1 1707742071 4.000000 1 4.000000 4.000000 4.000000
2 1707742071 0.000000 1 0.000000 0.000000 0.000000
3 1707742071 0.000000 1 0.000000 0.000000 0.000000
4 1707742071 0.000000 1 0.000000 0.000000 0.000000
1 1707742072 4.000000 1 4.000000 4.000000 4.000000
2 1707742072 0.000000 1 0.000000 0.000000 0.000000
3 1707742072 0.000000 1 0.000000 0.000000 0.000000
4 1707742072 0.000000 1 0.000000 0.000000 0.000000
1 1707742073 4.000000 1 4.000000 4.000000 4.000000
2 1707742073 0.000000 1 0.000000 0.000000 0.000000
3 1707742073 0.000000 1 0.000000 0.000000 0.000000
4 1707742073 0.000000 1 0.000000 0.000000 0.000000
1 1707742074 4.000000 1 4.000000 4.000000 4.000000
2 1707742074 0.000000 1 0.000000 0.000000 0.000000
3 1707742074 0.000000 1 0.000000 0.000000 0.000000
4 1707742074 0.000000 1 0.000000 0.000000 0.000000
1 1707742075 4.000000 1 4.000000 4.000000 4.000000
2 1707742075 0.000000 1 0.000000 0.000000 0.000000
3 1707742075 0.000000 1 0.000000 0.000000 0.000000
4 1707742075 0.000000 1 0.000000 0.000000 0.000000
1 1707742076 4.000000 1 4.000000 4.000000 4.000000
2 1707742076 0.000000 1 0.000000 0.000000 0.000000
3 1707742076 0.000000 1 0.000000 0.000000 0.000000
4 1707742076 0.000000 1 0.000000 0.000000 0.000000
1 1707742078 4.000000 1 4.000000 4.000000 4.000000
2 1707742078 0.000000 1 0.000000 0.000000 0.000000
3 1707742078 0.000000 1 0.000000 0.000000 0.000000
4 1707742078 0.000000 1 0.000000 0.000000 0.000000
1 1707742079 4.000000 1 4.000000 4.000000 4.000000
2 1707742079 0.000000 1 0.000000 0.000000 0.000000
3 1707742079 0.000000 1 0.000000 0.000000 0.000000
4 1707742079 0.000000 1 0.000000 0.000000 0.000000
1 1707742080 4.000000 1 4.000000 4.000000 4.000000
2 1707742080 0.000000 1 0.000000 0.000000 0.000000
3 1707742080 0.000000 1 0.000000 0.000000 0.000000
4 1707742080 0.000000 1 0.000000 0.000000 0.000000
1 1707742081 4.000000 1 4.000000 4.000000 4.000000
2 1707742081 0.000000 1 0.000000 0.000000 0.000000
3 1707742081 0.000000 1 0.000000 0.000000 0.000000
4 1707742081 0.000000 1 0.000000 0.000000 0.000000
1 1707742082 4.000000 1 4.000000 4.000000 4.000000
2 1707742082 0.000000 1 0.000000 0.000000 0.000000
3 1707742082 0.000000 1 0.000000 0.000000 0.000000
4 1707742082 0.000000 1 0.000000 0.000000 0.000000
1 1707742083 4.000000 1 4.000000 4.000000 4.000000
2 1707742083 0.000000 1 0.000000 0.000000 0.000000
3 1707742083 0.000000 1 0.000000 0.000000 0.000000
4 1707742083 0.000000 1 0.000000 0.000000 0.000000
1 1707742084 4.000000 1 4.000000 4.000000 4.000000
2 1707742084 0.000000 1 0.000000 0.000000 0.000000
3 1707742084 0.000000 1 0.000000 0.000000 0.000000
4 1707742084 0.000000 1 0.000000 0.000000 0.000000
1 1707742085 4.000000 1 4.000000 4.000000 4.000000
2 1707742085 0.000000 1 0.000000 0.000000 0.000000
3 1707742085 0.000000 1 0.000000 0.000000 0.000000
4 1707742085 0.000000 1 0.000000 0.000000 0.000000
1 1707742086 4.000000 1 4.000000 4.000000 4.000000
2 1707742086 0.000000 1 0.000000 0.000000 0.000000
3 1707742086 0.000000 1 0.000000 0.000000 0.000000
4 1707742086 0.000000 1 0.000000 0.000000 0.000000
1 1707742087 4.000000 1 4.000000 4.000000 4.000000
2 1707742087 0.000000 1 0.000000 0.000000 0.000000
3 1707742087 0.000000 1 0.000000 0.000000 0.000000
4 1707742087 0.000000 1 0.000000 0.000000 0.000000
1 1707742088 3.000000 1 3.000000 3.000000 3.000000
2 1707742088 0.000000 1 0.000000 0.000000 0.000000
3 1707742088 1.000000 1 1.000000 1.000000 1.000000
4 1707742088 0.000000 1 0.000000 0.000000 0.000000
1 1707742089 3.000000 1 3.000000 3.000000 3.000000
2 1707742089 0.000000 1 0.000000 0.000000 0.000000
3 1707742089 1.000000 1 1.000000 1.000000 1.000000
4 1707742089 0.000000 1 0.000000 0.000000 0.000000
1 1707742090 3.000000 1 3.000000 3.000000 3.000000
2 1707742090 0.000000 1 0.000000 0.000000 0.000000
3 1707742090 1.000000 1 1.000000 1.000000 1.000000
4 1707742090 0.000000 1 0.000000 0.000000 0.000000
1 1707742091 3.000000 1 3.000000 3.000000 3.000000
2 1707742091 0.000000 1 0.000000 0.000000 0.000000
3 1707742091 1.000000 1 1.000000 1.000000 1.000000
4 1707742091 0.000000 1 0.000000 0.000000 0.000000
1 1707742092 3.000000 1 3.000000 3.000000 3.000000
2 1707742092 0.000000 1 0.000000 0.000000 0.000000
3 1707742092 1.000000 1 1.000000 1.000000 1.000000
4 1707742092 0.000000 1 0.000000 0.000000 0.000000
1 1707742093 3.000000 1 3.000000 3.000000 3.000000
2 1707742093 0.000000 1 0.000000 0.000000 0.000000
3 1707742093 1.000000 1 1.000000 1.000000 1.000000
4 1707742093 0.000000 1 0.000000 0.000000 0.000000
1 1707742094 3.000000 1 3.000000 3.000000 3.000000
2 1707742094 0.000000 1 0.000000 0.000000 0.000000
3 1707742094 1.000000 1 1.000000 1.000000 1.000000
4 1707742094 0.000000 1 0.000000 0.000000 0.000000
1 1707742095 3.000000 1 3.000000 3.000000 3.000000
2 1707742095 0.000000 1 0.000000 0.000000 0.000000
3 1707742095 1.000000 1 1.000000 1.000000 1.000000
4 1707742095 0.000000 1 0.000000 0.000000 0.000000
1 1707742096 3.000000 1 3.000000 3.000000 3.000000
2 1707742096 0.000000 1 0.000000 0.000000 0.000000
3 1707742096 1.000000 1 1.000000 1.000000 1.000000
4 1707742096 0.000000 1 0.000000 0.000000 0.000000
1 1707742097 3.000000 1 3.000000 3.000000 3.000000
2 1707742097 0.000000 1 0.000000 0.000000 0.000000
3 1707742097 1.000000 1 1.000000 1.000000 1.000000
4 1707742097 0.000000 1 0.000000 0.000000 0.000000
1 1707742098 3.000000 1 3.000000 3.000000 3.000000
2 1707742098 0.000000 1 0.000000 0.000000 0.000000
3 1707742098 1.000000 1 1.000000 1.000000 1.000000
4 1707742098 0.000000 1 0.000000 0.000000 0.000000
1 1707742099 2.000000 1 2.000000 2.000000 2.000000
2 1707742099 0.000000 1 0.000000 0.000000 0.000000
3 1707742099 2.000000 1 2.000000 2.000000 2.000000
4 1707742099 0.000000 1 0.000000 0.000000 0.000000
1 1707742100 2.000000 1 2.000000 2.000000 2.000000
2 1707742100 0.000000 1 0.000000 0.000000 0.000000
3 1707742100 2.000000 1 2.000000 2.000000 2.000000
4 1707742100 0.000000 1 0.000000 0.000000 0.000000
1 1707742101 2.000000 1 2.000000 2.000000 2.000000
2 1707742101 0.000000 1 0.000000 0.000000 0.000000
3 1707742101 2.000000 1 2.000000 2.000000 2.000000
4 1707742101 0.000000 1 0.000000 0.000000 0.000000
1 1707742102 2.000000 1 2.000000 2.000000 2.000000
2 1707742102 0.000000 1 0.000000 0.000000 0.000000
3 1707742102 2.000000 1 2.000000 2.000000 2.000000
4 1707742102 0.000000 1 0.000000 0.000000 0.000000
1 1707742103 2.000000 1 2.000000 2.000000 2.000000
2 1707742103 0.000000 1 0.000000 0.000000 0.000000
3 1707742103 2.000000 1 2.000000 2.000000 2.000000
4 1707742103 0.000000 1 0.000000 0.000000 0.000000
1 1707742104 2.000000 1 2.000000 2.000000 2.000000
2 1707742104 0.000000 1 0.000000 0.000000 0.000000
3 1707742104 2.000000 1 2.000000 2.000000 2.000000
4 1707742104 0.000000 1 0.000000 0.000000 0.000000
1 1707742105 2.000000 1 2.000000 2.000000 2.000000
2 1707742105 0.000000 1 0.000000 0.000000 0.000000
3 1707742105 2.000000 1 2.000000 2.000000 2.000000
4 1707742105 0.000000 1 0.000000 0.000000 0.000000
1 1707742106 2.000000 1 2.000000 2.000000 2.000000
2 1707742106 0.000000 1 0.000000 0.000000 0.000000
3 1707742106 2.000000 1 2.000000 2.000000 2.000000
4 1707742106 0.000000 1 0.000000 0.000000 0.000000
1 1707742107 2.000000 1 2.000000 2.000000 2.000000
2 1707742107 0.000000 1 0.000000 0.000000 0.000000
3 1707742107 2.000000 1 2.000000 2.000000 2.000000
4 1707742107 0.000000 1 0.000000 0.000000 0.000000
1 1707742108 2.000000 1 2.000000 2.000000 2.000000
2 1707742108 0.000000 1 0.000000 0.000000 0.000000
3 1707742108 2.000000 1 2.000000 2.000000 2.000000
4 1707742108 0.000000 1 0.000000 0.000000 0.000000
1 1707742109 2.000000 1 2.000000 2.000000 2.000000
2 1707742109 0.000000 1 0.000000 0.000000 0.000000
3 1707742109 2.000000 1 2.000000 2.000000 2.000000
4 1707742109 0.000000 1 0.000000 0.000000 0.000000
1 1707742110 2.000000 1 2.000000 2.000000 2.000000
2 1707742110 0.000000 1 0.000000 0.000000 0.000000
3 1707742110 2.000000 1 2.000000 2.000000 2.000000
4 1707742110 0.000000 1 0.000000 0.000000 0.000000
1 1707742111 2.000000 1 2.000000 2.000000 2.000000
2 1707742111 0.000000 1 0.000000 0.000000 0.000000
3 1707742111 2.000000 1 2.000000 2.000000 2.000000
4 1707742111 0.000000 1 0.000000 0.000000 0.000000
1 1707742112 2.000000 1 2.000000 2.000000 2.000000
2 1707742112 0.000000 1 0.000000 0.000000 0.000000
3 1707742112 2.000000 1 2.000000 2.000000 2.000000
4 1707742112 0.000000 1 0.000000 0.000000 0.000000
1 1707742113 2.000000 1 2.000000 2.000000 2.000000
2 1707742113 0.000000 1 0.000000 0.000000 0.000000
3 1707742113 2.000000 1 2.000000 2.000000 2.000000
4 1707742113 0.000000 1 0.000000 0.000000 0.000000
1 1707742114 1.000000 1 1.000000 1.000000 1.000000
2 1707742114 0.000000 1 0.000000 0.000000 0.000000
3 1707742114 3.000000 1 3.000000 3.000000 3.000000
4 1707742114 0.000000 1 0.000000 0.000000 0.000000
1 1707742115 1.000000 1 1.000000 1.000000 1.000000
2 1707742115 0.000000 1 0.000000 0.000000 0.000000
3 1707742115 3.000000 1 3.000000 3.000000 3.000000
4 1707742115 0.000000 1 0.000000 0.000000 0.000000
1 1707742116 1.000000 1 1.000000 1.000000 1.000000
2 1707742116 0.000000 1 0.000000 0.000000 0.000000
3 1707742116 3.000000 1 3.000000 3.000000 3.000000
4 1707742116 0.000000 1 0.000000 0.000000 0.000000
1 1707742117 1.000000 1 1.000000 1.000000 1.000000
2 1707742117 0.000000 1 0.000000 0.000000 0.000000
3 1707742117 3.000000 1 3.000000 3.000000 3.000000
4 1707742117 0.000000 1 0.000000 0.000000 0.000000
1 1707742118 1.000000 1 1.000000 1.000000 1.000000
2 1707742118 0.000000 1 0.000000 0.000000 0.000000
3 1707742118 3.000000 1 3.000000 3.000000 3.000000
4 1707742118 0.000000 1 0.000000 0.000000 0.000000
1 1707742119 1.000000 1 1.000000 1.000000 1.000000
2 1707742119 0.000000 1 0.000000 0.000000 0.000000
3 1707742119 3.000000 1 3.000000 3.000000 3.000000
4 1707742119 0.000000 1 0.000000 0.000000 0.000000
1 1707742120 1.000000 1 1.000000 1.000000 1.000000
2 1707742120 0.000000 1 0.000000 0.000000 0.000000
3 1707742120 3.000000 1 3.000000 3.000000 3.000000
4 1707742120 0.000000 1 0.000000 0.000000 0.000000
1 1707742121 1.000000 1 1.000000 1.000000 1.000000
2 1707742121 0.000000 1 0.000000 0.000000 0.000000
3 1707742121 3.000000 1 3.000000 3.000000 3.000000
4 1707742121 0.000000 1 0.000000 0.000000 0.000000
1 1707742122 1.000000 1 1.000000 1.000000 1.000000
2 1707742122 0.000000 1 0.000000 0.000000 0.000000
3 1707742122 3.000000 1 3.000000 3.000000 3.000000
4 1707742122 0.000000 1 0.000000 0.000000 0.000000
1 1707742123 1.000000 1 1.000000 1.000000 1.000000
2 1707742123 0.000000 1 0.000000 0.000000 0.000000
3 1707742123 3.000000 1 3.000000 3.000000 3.000000
4 1707742123 0.000000 1 0.000000 0.000000 0.000000
1 1707742124 1.000000 1 1.000000 1.000000 1.000000
2 1707742124 0.000000 1 0.000000 0.000000 0.000000
3 1707742124 3.000000 1 3.000000 3.000000 3.000000
4 1707742124 0.000000 1 0.000000 0.000000 0.000000
1 1707742125 1.000000 1 1.000000 1.000000 1.000000
2 1707742125 0.000000 1 0.000000 0.000000 0.000000
3 1707742125 3.000000 1 3.000000 3.000000 3.000000
4 1707742125 0.000000 1 0.000000 0.000000 0.000000
1 1707742126 1.000000 1 1.000000 1.000000 1.000000
2 1707742126 0.000000 1 0.000000 0.000000 0.000000
3 1707742126 3.000000 1 3.000000 3.000000 3.000000
4 1707742126 0.000000 1 0.000000 0.000000 0.000000
1 1707742127 1.000000 1 1.000000 1.000000 1.000000
2 1707742127 0.000000 1 0.000000 0.000000 0.000000
3 1707742127 3.000000 1 3.000000 3.000000 3.000000
4 1707742127 0.000000 1 0.000000 0.000000 0.000000
1 1707742128 1.000000 1 1.000000 1.000000 1.000000
2 1707742128 0.000000 1 0.000000 0.000000 0.000000
3 1707742128 3.000000 1 3.000000 3.000000 3.000000
4 1707742128 0.000000 1 0.000000 0.000000 0.000000
1 1707742129 1.000000 1 1.000000 1.000000 1.000000
2 1707742129 0.000000 1 0.000000 0.000000 0.000000
3 1707742129 3.000000 1 3.000000 3.000000 3.000000
4 1707742129 0.000000 1 0.000000 0.000000 0.000000
1 1707742130 1.000000 1 1.000000 1.000000 1.000000
2 1707742130 0.000000 1 0.000000 0.000000 0.000000
3 1707742130 3.000000 1 3.000000 3.000000 3.000000
4 1707742130 0.000000 1 0.000000 0.000000 0.000000
1 1707742131 1.000000 1 1.000000 1.000000 1.000000
2 1707742131 0.000000 1 0.000000 0.000000 0.000000
3 1707742131 3.000000 1 3.000000 3.000000 3.000000
4 1707742131 0.000000 1 0.000000 0.000000 0.000000
1 1707742132 1.000000 1 1.000000 1.000000 1.000000
2 1707742132 0.000000 1 0.000000 0.000000 0.000000
3 1707742132 3.000000 1 3.000000 3.000000 3.000000
4 1707742132 0.000000 1 0.000000 0.000000 0.000000
1 1707742133 0.000000 1 0.000000 0.000000 0.000000
2 1707742133 0.000000 1 0.000000 0.000000 0.000000
3 1707742133 4.000000 1 4.000000 4.000000 4.000000
4 1707742133 0.000000 1 0.000000 0.000000 0.000000
